login as: root
root@192.168.1.2's password:
Last login: Tue Dec 14 14:33:13 2021 from 192.168.1.50
LCC4:~ # for lcc in $(cat /mnt/scratch/FWNodeTable.csv); do ssh root@$(awk -F, '                                                                                        {print $2 "%" $3}' <(echo $lcc)) "sqlite3 /mnt/persist/db/misc.db 'select * from                                                                                         lrt_status where lrttype=24;'"; done && echo local lcc: && sqlite3 /mnt/persist                                                                                        /db/misc.db 'select * from lrt_status where lrttype=24;
> ^C
LCC4:~ # for lcc in $(cat /mnt/scratch/FWNodeTable.csv); do ssh root@$(awk -F, '                                                                                        {print $2 "%" $3}' <(echo $lcc)) "sqlite3 /mnt/persist/db/misc.db 'select * from                                                                                         lrt_status where lrttype=24;'"; done && echo local lcc: && sqlite3 /mnt/persist                                                                                        /db/misc.db 'select * from lrt_status where lrttype=24;'
Authenticated to fe80::42f2:e9ff:fe52:8213%eth0.103 ([fe80::42f2:e9ff:fe52:8213%                                                                                        eth0.103]:22).
260|1291911169|24|2|0|100|2|13|2|0|0|1637057405|1637057405|1|1|0|A05469JD|118|
261|1140916225|24|2|0|100|2|13|3|0|0|1637057939|1637057930|1|1|0|A15757JD|118|
262|1304497981|24|2|0|100|2|13|2|1140916225|0|1637057939|1637057933|1|1|0|||
277|1140916226|24|2|0|100|2|13|3|0|0|1637070331|1637069461|1|1|0|A28716JD|118|
278|1140916227|24|2|0|100|2|13|2|0|0|1637069497|1637069497|1|1|0|A28715JD|118|
279|1304563517|24|2|0|100|2|13|3|1140916226|0|1637070331|1637069563|1|1|0||389|
302|1140916228|24|2|0|100|2|13|3|0|0|1637073763|1637073263|1|1|0|A29977JD|118|
303|1304563518|24|2|0|100|2|13|3|1140916228|0|1637073763|1637073391|1|1|0||389|
304|1140916229|24|2|0|100|2|13|3|0|0|1637225389|1637225379|1|1|0|A29977JD|118|
305|1304563519|24|2|0|100|2|13|3|1140916229|0|1637225389|1637225383|1|1|0|||
314|1140916230|24|2|0|100|2|13|3|0|0|1638431644|1638430818|1|1|0|A30330JD|118|
315|1304563521|24|2|0|100|2|13|3|1140916230|0|1638431644|1638431640|1|1|0||389|
322|1140916231|24|2|0|100|2|13|3|0|0|1639517644|1639484852|1|1|0|A30332JD|118|
323|1140916232|24|5|0|0|2|13|2|0|0|1639548547|1639484890|1|1|0|A30374JD|118|
324|1304563523|24|2|0|100|2|13|3|1140916231|0|1639517644|1639517635|1|1|0|||
325|1304497982|24|5|0|0|2|13|2|1140916232|0|1639548547|1639484992|1|1|0|||
Transferred: sent 2816, received 3856 bytes, in 0.1 seconds
Bytes per second: sent 25841.5, received 35385.3
Authenticated to fe80::42f2:e9ff:fe52:87b7%eth0.103 ([fe80::42f2:e9ff:fe52:87b7%                                                                                        eth0.103]:22).
260|1291911169|24|2|0|100|2|13|2|0|0|1637057405|1637057405|1|1|0|A05469JD|118|
261|1140916225|24|2|0|100|2|13|3|0|0|1637057939|1637057930|1|1|0|A15757JD|118|
262|1304497981|24|2|0|100|2|13|2|1140916225|0|1637057939|1637057933|1|1|0|||
277|1140916226|24|2|0|100|2|13|3|0|0|1637070331|1637069461|1|1|0|A28716JD|118|
278|1140916227|24|2|0|100|2|13|2|0|0|1637069497|1637069497|1|1|0|A28715JD|118|
279|1304563517|24|2|0|100|2|13|3|1140916226|0|1637070331|1637069563|1|1|0||389|
302|1140916228|24|2|0|100|2|13|3|0|0|1637073763|1637073263|1|1|0|A29977JD|118|
303|1304563518|24|2|0|100|2|13|3|1140916228|0|1637073763|1637073391|1|1|0||389|
304|1140916229|24|2|0|100|2|13|3|0|0|1637225389|1637225379|1|1|0|A29977JD|118|
305|1304563519|24|2|0|100|2|13|3|1140916229|0|1637225389|1637225383|1|1|0|||
314|1140916230|24|2|0|100|2|13|3|0|0|1638431644|1638430818|1|1|0|A30330JD|118|
315|1304563521|24|2|0|100|2|13|3|1140916230|0|1638431644|1638431640|1|1|0||389|
322|1140916231|24|2|0|100|2|13|3|0|0|1639517644|1639484852|1|1|0|A30332JD|118|
323|1140916232|24|5|0|0|2|13|2|0|0|1639548547|1639484890|1|1|0|A30374JD|118|
324|1304563523|24|2|0|100|2|13|3|1140916231|0|1639517644|1639517635|1|1|0|||
325|1304497982|24|5|0|0|2|13|2|1140916232|0|1639548547|1639484992|1|1|0|||
Transferred: sent 2816, received 3856 bytes, in 0.3 seconds
Bytes per second: sent 10917.3, received 14949.3
Authenticated to fe80::42f2:e9ff:fe52:8813%eth0.103 ([fe80::42f2:e9ff:fe52:8813%                                                                                        eth0.103]:22).
260|1291911169|24|2|0|100|2|13|2|0|0|1637057405|1637057405|1|1|0|A05469JD|118|
261|1140916225|24|2|0|100|2|13|3|0|0|1637057939|1637057930|1|1|0|A15757JD|118|
262|1304497981|24|2|0|100|2|13|2|1140916225|0|1637057939|1637057933|1|1|0|||
277|1140916226|24|2|0|100|2|13|3|0|0|1637070331|1637069461|1|1|0|A28716JD|118|
278|1140916227|24|2|0|100|2|13|2|0|0|1637069497|1637069497|1|1|0|A28715JD|118|
279|1304563517|24|2|0|100|2|13|3|1140916226|0|1637070331|1637069563|1|1|0||389|
302|1140916228|24|2|0|100|2|13|3|0|0|1637073763|1637073263|1|1|0|A29977JD|118|
303|1304563518|24|2|0|100|2|13|3|1140916228|0|1637073763|1637073391|1|1|0||389|
304|1140916229|24|2|0|100|2|13|3|0|0|1637225389|1637225379|1|1|0|A29977JD|118|
305|1304563519|24|2|0|100|2|13|3|1140916229|0|1637225389|1637225383|1|1|0|||
314|1140916230|24|2|0|100|2|13|3|0|0|1638431644|1638430818|1|1|0|A30330JD|118|
315|1304563521|24|2|0|100|2|13|3|1140916230|0|1638431644|1638431640|1|1|0||389|
322|1140916231|24|2|0|100|2|13|3|0|0|1639517644|1639484852|1|1|0|A30332JD|118|
323|1140916232|24|5|0|0|2|13|2|0|0|1639548547|1639484890|1|1|0|A30374JD|118|
324|1304563523|24|2|0|100|2|13|3|1140916231|0|1639517644|1639517635|1|1|0|||
325|1304497982|24|5|0|0|2|13|2|1140916232|0|1639548547|1639484992|1|1|0|||
Transferred: sent 2816, received 3856 bytes, in 0.2 seconds
Bytes per second: sent 13462.3, received 18434.2
local lcc:
260|1291911169|24|2|0|100|2|13|2|0|0|1637057405|1637057405|1|1|0|A05469JD|118|
261|1140916225|24|2|0|100|2|13|3|0|0|1637057939|1637057930|1|1|0|A15757JD|118|
262|1304497981|24|2|0|100|2|13|2|1140916225|0|1637057939|1637057933|1|1|0|||
277|1140916226|24|2|0|100|2|13|3|0|0|1637070331|1637069461|1|1|0|A28716JD|118|
278|1140916227|24|2|0|100|2|13|2|0|0|1637069497|1637069497|1|1|0|A28715JD|118|
279|1304563517|24|2|0|100|2|13|3|1140916226|0|1637070331|1637069563|1|1|0||389|
302|1140916228|24|2|0|100|2|13|3|0|0|1637073763|1637073263|1|1|0|A29977JD|118|
303|1304563518|24|2|0|100|2|13|3|1140916228|0|1637073763|1637073391|1|1|0||389|
304|1140916229|24|2|0|100|2|13|3|0|0|1637225389|1637225379|1|1|0|A29977JD|118|
305|1304563519|24|2|0|100|2|13|3|1140916229|0|1637225389|1637225383|1|1|0|||
314|1140916230|24|2|0|100|2|13|3|0|0|1638431644|1638430818|1|1|0|A30330JD|118|
315|1304563521|24|2|0|100|2|13|3|1140916230|0|1638431644|1638431640|1|1|0||389|
322|1140916231|24|2|0|100|2|13|3|0|0|1639517644|1639484852|1|1|0|A30332JD|118|
323|1140916232|24|5|0|0|2|13|2|0|0|1639548547|1639484890|1|1|0|A30374JD|118|
324|1304563523|24|2|0|100|2|13|3|1140916231|0|1639517644|1639517635|1|1|0|||
325|1304497982|24|5|0|0|2|13|2|1140916232|0|1639548547|1639484992|1|1|0|||
LCC4:~ #
